500101004
500101018
500101026
500101098
500101099
500101103
500101116
500101119
500101130
500101143
500101144
500101146
500101153
500101155
500101157
500101158
500101190
500101200
500101218
500101239
500101257
500103006
500103021
500103029
500103031
500103033
500103038
500103040
500103041
500103045
500103058
500103075
500103076
500104006
500104008
500104014
500104015
500104020
500104023
500104024
500104026
500104032
500104039
500104040
500104044
500104047
500104048
500104056
500104060
500104063
500104065
500104076
500104085
500104086
500104104
500104110
500104114
500104117
500104118
500104122
500104124
500104128
500104137
500105004
500105006
500105010
500105013
500105024
500105036
500105039
500105042
500105047
500105050
500105051
500105053
500105059
500105067
500105069
500105071
500105077
500105079
500105084
500105085
500105093
500106008
500106014
500106017
500106027
500106040
500106062
500106083
500106085
500106104
500106117
500106119
500106120
500107004
500107005
500107018
500107019
500107030
500107031
500107033
500107042
500107046
500107047
500107048
500107053
500107060
500107061
500107071
500107078
500107081
500107087
500107095
500107118
500107119
500107120
500107142
500107146
500107172
500107173
500107174
500107176
500108002
500108003
500108004
500108010
500108012
500108015
500108016
500108022
500108023
500108026
500108027
500108029
500108030
500108031
500108032
500108040
500108043
500108049
500108052
500108060
500108061
500108067
500108072
500108074
500108078
500108085
500108087
500108088
500108089
500108091
500108099
500108106
500108107
500108123
500108124
500108129
500108132
500108134
500108148
500108153
500108162
500108165
500108167
500108177
500108178
500108179
500108186
500108189
500108192
500108193
500108194
500108203
500109002
500109008
500109017
500109029
500109040
500109044
500109050
500109054
500109055
500109057
500109062
500109065
500109066
500109067
500109068
500109073
500109084
500109085
500109098
500109102
500109105
500110004
500110013
500110015
500110021
500110022
500110023
500110025
500110041
500110053
500110054
500110055
500110056
500110057
500110090
500110097
500111001
500111002
500111006
500111009
500111014
500111015
500111023
500111030
500111033
500111038
500111040
500111047
500111048
500111052
500111054
500111059
500111064
500111066
500111070
500111071
500111085
500111087
500111096
500112006
500112008
500112011
500112016
500112020
500112025
500112026
500112028
500112037
500112040
500112044
500112046
500112048
500112050
500112060
500112065
500112068
500112084
500112086
500112095
500112101
500112102
500112111
500112116
500112125
500113007
500113009
500113010
500113019
500113020
500113028
500113032
500113036
500113037
500113042
500113047
500113048
500113055
500113057
500113058
500113066
500113079
500113083
500201010
500201012
500201014
500201016
500201017
500201018
500201022
500201023
500202003
500202004
500202008
500203010
500203011
500203019
500203020
500203021
500203022
500203026
500203028
500203032
500203033
500203035
500203036
500203039
500203040
500203041
500203043
500203049
500203053
500203057
500203059
500203062
500203065
500203070
500203071
500203091
500203098
500203100
500203118
500203122
500205010
500205022
500205023
500205065
500206003
500206004
500206006
500206012
500206013
500206021
500206037
500206038
500206071
500206075
500206077
500207001
500207013
500207022
500207026
500207038
500207040
500207041
500207044
500207052
500207063
500207064
500207065
500207067
500207074
500207076
500207085
500207088
500207091
500207097
500207102
500207104
500209004
500209005
500209008
500209011
500209021
500209022
500210004
500210023
500210027
500210050
500213003
500214012
500214014
500214016
500214020
500214026
500214029
500214033
500214065
500215006
500216003
500216005
500216006
500216015
500216023
500216024
500216025
500216027
500216030
500216031
500216033
500216034
500216039
500216041
500216045
500216052
500216063
500216069
500216073
500216074
500216077
500218007
500218010
500218011
500218014
500218016
500218017
500218022
500218024
500218025
500218026
500218028
500218029
500218037
500218039
500218042
500218047
500218051
500218058
500218065
500218067
500218068
500218070
500218072
500218080
500218086
500218087
500218090
500218100
500218103
500218110
500218114
500218131
500218139
500218143
500218157
500218161
500218162
500218170
500218182
500218185
500220001
500220005
500220006
500220017
500220025
500222001
500222002
500223008
500223014
500223021
500223024
500223045
500223046
500223054
500223058
500225001
500225005
500226006
500227001
500227013
500227023
500227024
500227026
500227043
500227064
500227065
500227081
500227083
500227085
500227087
500227093
500227104
500227111
500229003
500229009
500229010
500229017
500229019
500229030
500229032
500229033
500229035
500229042
500229045
500229048
500229051
500229053
500229056
500229057
500229058
500229063
500229074
500229085
500229090
500229093
500229109
500229110
500229112
500229114
500229115
500231004
500231012
500231013
500231030
500231047
500231056
500233002
500233003
500233007
500233009
500233012
500233015
500233016
500233017
500233022
500233027
500233039
500233049
500233053
500233055
500233056
500234009
500234012
500234013
500234014
500234018
500234040
500234049
500234050
500301001
500301002
500301003
500301004
500301005
500301006
500301008
500301009
500301011
500301013
500301014
500301015
500301016
500301017
500301019
500301021
500301025
500301026
500301027
500301030
500301032
500301034
500301039
500301043
500301044
500302009
500302015
500302016
500303002
500303003
500303004
500303006
500303009
500303012
500303015
500304007
500304009
500304010
500304012
500304014
500304015
500304016
500304021
500304026
500304029
500304030
500304038
500304039
500304040
500304041
500304042
500304043
500304044
500304047
500304049
500304051
500304055
500304056
500304061
500304064
500304065
500304066
500304071
500304074
500304077
500304082
500304086
500304089
500304091
500304092
500304098
500304104
500304106
500304107
500304108
500304110
500304113
500304118
500304120
500304128
500305002
500305004
500305005
500305006
500305008
500305010
500305015
500305017
500305018
500305019
500305020
500305021
500305028
500305031
500305039
500305041
500305044
500306001
500306002
500306003
500306004
500306005
500306007
500306011
500306012
500306014
500306015
500306018
500306019
500306022
500306023
500306034
500306035
500306037
500306039
500306041
500306042
500306043
500306044
500306046
500306049
500306052
500306053
500306054
500306055
500306059
500306060
500306065
500306072
500306076
500306077
500306079
500306080
500306081
500306083
500306084
500306085
500306087
500306088
500306095
500306097
500306100
500306104
500306105
500306106
500306108
500306109
500306114
500306115
500306125
500309004
500309005
500309008
500309009
500309010
500309014
500309015
500309019
500309025
500310002
500310014
500310015
500310018
500311003
500311008
500311013
500311015
500311016
500311023
500311025
500311030
500311035
500311036
500311054
500311056
500312004
500312006
500312012
500312013
500312016
500312017
500312024
500312030
500313009
500401010
500401011
500401012
500401017
500401019
500401022
500401024
500401026
500401036
500401050
500401062
500401064
500402001
500402004
500402005
500402011
500402025
500403002
500501013
500501020
500501021
500501023
500501025
500501028
500501029
500501037
500501038
500501040
500501041
500501042
500501043
500501044
500501045
500501046
500501052
500501056
500501061
500501062
500501063
500501067
500501071
500501073
500501074
500501075
500501078
500501079
500501082
500501083
500501084
500501085
500501086
500501090
500501103
500501104
500501105
500502016
500502017
500503004
500503005
500503011
500504006
500504008
500504009
500504010
500504013
500504014
500505008
500602010
500602011
500602013
500602014
500602029
500602032
500602038
500602042
500602044
500602047
500602055
500602057
500602063
500602064
500602067
500602069
500603003
500603012
500603019
500603021
500603022
500603025
500603029
500603030
500603035
500603037
500603043
500603052
500603055
500603060
500603061
500603085
500604013
500604014
500604019
500604021
500604022
500604035
500604037
500604038
500604044
500604045
500604047
500604049
500604051
500604059
500604060
500604068
500604078
500605007
500605010
500605011
500605017
500605026
500605030
500605031
500605032
500605034
500605041
500605046
500605053
500605063
500605072
500606004
500606008
500606009
500606010
500606014
500606016
500606017
500606025
500606027
500606030
500606037
500606038
500606041
500606042
500606044
500606045
500606046
500606050
500606052
500606055
500606059
500606064
500606070
500606081
500606082
500606086
500606088
500606089
500606090
500606091
500606092
500606095
500606096
500606098
500606099
500606100
500606101
500606115
500606116
500606118
500606120
500606125
500606126
500606134
500606138
500606140
500606146
500606154
500606156
500606160
500606164
500606170
500606190
500606196
500606203
500606207
500606210
500606213
500606215
500607002
500607006
500607011
500607012
500607013
500607016
500607017
500607020
500607021
500607022
500607024
500607031
500607032
500607036
500607037
500607038
500607039
500607040
500607041
500607043
500607046
500607047
500607049
500607052
500607053
500607055
500607056
500607057
500607059
500607061
500607063
500607065
500607068
500607069
500607070
500607076
500607077
500607081
500607084
500607085
500607093
500607094
500607096
500607107
500607108
500607112
500607113
500607130
500608005
500608006
500608015
500608020
500608022
500608023
500608024
500608025
500608027
500608031
500608036
500608038
500608039
500608042
500608043
500608045
500608046
500608047
500608049
500608051
500608053
500608054
500608056
500608057
500608058
500608060
500608061
500608065
500608066
500608068
500608071
500608076
500608078
500608079
500608081
500608083
500608084
500608085
500608086
500608087
500608089
500608090
500608091
500608093
500608094
500608097
500608098
500608105
500608107
500608110
500608111
500608112
500608114
500608115
500608120
500608123
500608124
500608129
500608133
500608134
500608140
500608142
500608145
500608146
500608149
500608156
500608157
500608168
500608170
500608171
500608174
500608177
500609010
500609016
500609017
500609018
500609030
500609032
500609039
500609044
500609048
500609051
500609056
500609059
500609082
500610001
500610004
500610005
500610010
500610013
500610015
500610018
500610019
500610020
500610025
500610027
500610030
500610032
500610033
500610035
500610039
500610040
500610042
500610043
500610045
500610046
500610048
500610050
500610051
500610053
500610055
500610060
500610062
500610070
500610071
500610074
500610075
500610076
500611002
500611003
500611005
500611007
500611009
500611010
500611012
500611016
500611018
500611019
500611021
500611023
500611027
500611028
500611030
500611036
500611038
500611039
500611043
500611045
500611046
500611047
500611048
500611049
500611053
500611054
500611057
500611058
500611059
500611060
500611062
500612008
500612009
500612011
500612016
500612026
500612027
500612039
500612072
500613002
500613007
500613008
500613010
500613015
500613019
500613021
500613022
500613026
500613029
500613030
500613035
500613043
500613049
500614020
500614024
500614029
500614030
500614039
500616009
500616011
500616023
500616039
500617006
500617012
500617013
500617014
500617015
500617027
500617030
500617032
500617044
500617046
500617047
500617051
500617052
500617060
500617063
500617064
500618001
500618006
500618008
500618010
500618014
500618017
500619003
500619007
500619009
500619013
500619021
500619026
500619031
500619032
500620004
500620009
500620016
500620019
500620023
500620026
500621004
500621012
500621021
500622007
500622009
500622010
500622022
500623002
500623003
500623024
500623025
500623037
500624009
500624032
500625004
500625005
500625006
500625007
500625009
500625010
500625011
500625025
500628003
500628006
500629006
500629007
500701011
500704007
500704008
500705009
500705010
500705035
500705037
500705038
500708001
500709010
500709011
500709013
500710007
500710014
500711010
500711022
500717003
500717011
500717016
500717021
500717030
500717032
500717042
500717043
501001003
501001013
501001023
501001030
501001039
501001040
501001057
501001066
501001071
501001072
501001074
501001079
501001089
501001090
501001091
501001092
501001093
501001099
501001106
501001109
501001121
501001122
501001135
501001138
501001156
501001160
501001163
501001170
501001175
501001177
501001201
501001206
501001209
501001210
501101015
501101026
501102007
501102017
501102018
501102019
501102021
501102025
501103002
501103005
501103006
501103009
501103021
501103023
501104005
501104007
501104009
501104016
501105004
501105011
501105019
501105021
501201008
501201014
501201015
501201016
501201019
501201029
501202006
501202011
501202017
501202028
501202043
501202047
501202052
501202056
501202059
501202062
501202064
501202071
501202074
501203011
501203021
501203022
501203029
501203033
501203035
501203057
501203062
501203067
501203070
501203074
501203076
501203077
501203079
501203083
501203107
501203108
501203116
501203120
501203131
501203136
501203146
501203147
501203159
501204004
501204007
501204015
501204016
501204017
501204018
501204022
501205003
501205025
501206002
501206004
501206009
501206011
501206014
501206016
501206018
501206019
501206020
501206022
501206023
501206027
501206028
501206033
501206037
501206042
501206044
501206046
501206047
501206048
501206050
501206051
501206057
501206060
501206068
501206071
501206072
501206074
501206075
501206077
501206079
501206082
501206084
501206085
501206086
501206092
501206095
501206101
501206102
501206108
501206110
501206111
501206118
501206120
501206123
501206124
501206128
501206142
501206144
501206145
501206147
501206150
501206155
501206160
501206162
501206164
501206166
501207002
501207005
501207006
501207007
501207008
501207010
501207014
501207022
501207029
501207051
501207058
501207063
501207074
501207080
501207089
501207092
501207094
501207096
501207100
501207104
501207115
501207116
501207122
501208015
501208017
501208019
501208028
501208033
501208044
501208055
501208056
501208058
501208063
501208085
501208086
501208093
501208095
501208100
501208103
501208104
501208105
501208108
501208115
501208118
501208121
501208125
501209006
501209007
501209010
501209011
501209012
501209015
501209019
501209025
501209029
501209030
501209031
501209038
501209064
501209073
501209092
501210004
501210007
501210015
501210019
501210020
501210021
501210022
501210025
501210028
501210036
501210046
501210055
501210057
501210058
501210059
501210062
501210065
501210072
501210076
501210077
501210084
501210085
501210087
501210091
501210092
501210096
501210097
501210108
501210109
501210131
501211007
501211008
501211009
501212004
501212005
501212007
501212008
501212011
501212012
501212018
501212019
501212021
501212022
501212025
501212028
501212029
501212033
501212036
501212045
501212052
501212055
501212056
501212059
501212067
501212069
501212070
501212071
501213006
501213007
501214002
501214003
501214005
501214006
501214007
501214011
501214013
501214015
501214016
501214022
501214027
501214028
501214032
501214035
501214038
501214039
501215002
501215006
501215007
501215008
501215009
501215012
501215013
501215015
501215016
501216004
501216005
501216009
501216013
501216033
501216035
501216037
501216040
501216043
501216045
501216050
501216052
501216053
501216060
501216062
501217004
501217009
501218001
501218002
501218014
501218021
501218024
501218025
501218029
501218030
501219001
501219008
501219019
501219023
501219030
501219032
501220003
501220011
501220016
501220028
501220032
501221005
501221007
501222001
501222002
501222005
501223002
501223004
501224008
501224016
501224020
501224022
501226001
501226002
501227001
501228002
501228004
501228006
501228009
501228011
501229012
501230002
501235001
501302004
501305005
501305006
501305013
501305018
501305020
501305023
501305024
501305028
501305034
501305039
501305047
501306001
501306002
501306009
501306010
501306012
501306018
501306028
501306031
501306034
501307002
501309001
501309003
501309004
501309005
501309008
501309010
501309013
501309018
501309020
501309021
501309023
501309024
501309025
501309027
501309028
501309029
501309031
501309033
501309035
501309036
501309037
501309038
501309045
501309051
501309053
501309054
501309056
501309057
501309058
501309059
501309062
501309063
501309065
501309066
501311005
501311008
501311012
501311015
501311021
501311034
501311041
501311043
501311044
501311045
501311052
501311059
501311060
501311063
501313002
501314001
501314005
501314008
501314012
501314014
501314021
501314029
501314039
501314041
501314042
501314044
501314045
501314048
501316003
501316006
501316008
501316009
501316010
501316012
501316014
501316015
501316016
501316020
501316021
501316024
501316026
501316029
501316030
501316031
501316033
501316034
501316036
501316037
501316038
501316040
501316041
501316043
501316045
501316046
501316048
501316051
501316054
501316056
501316060
501317001
501318003
501319001
501319002
501319007
501320001
501321001
501321002
501321003
501321005
501321006
501321008
501321011
501321012
501321013
501321020
501321023
501321024
501321027
501321028
501321029
501321030
501321032
501321034
501321040
501321042
501321044
501321055
501321058
501321059
501321060
501321063
501321069
501323001
501323006
501323009
501323010
501323012
501323013
501323017
501323020
501323023
501323025
501323027
501323028
501323039
501323045
501328007
501328008
501328012
501328014
501329003
501331001
501331005
501331018
501331020
501331021
501331037
501331038
501331043
501331046
501332002
501333001
501334001
501335007
501335019
501336002
501401002
501401005
501401007
501401008
501401009
501401010
501401017
501401019
501401020
501401022
501401023
501401031
501401047
501401048
501401049
501401050
501401053
501401054
501401073
501401084
501401090
501402062
501403076
501403124
501404094
501404133
501407141
501501010
501501014
501501017
501501023
501501040
508201008
