500106080
500111025
500111035
500111051
500111068
500111069
500112049
500113044
500113045
500213004
500214006
500214009
500214017
500214027
500214034
500214053
500218041
500218096
500218154
500226005
500226007
500231016
500231020
500231027
500232001
500232002
500234001
500234041
500234046
500304003
500304011
500304114
500306006
500306017
500309001
500309007
500309013
500309024
500401001
500401015
500401021
500401027
500401037
500401063
500403004
500403005
500501004
500501005
500501006
500501054
500502003
500502009
500502018
500503012
500503014
500503015
500503016
500504004
500601004
500602006
500602015
500602016
500604008
500604056
500608017
500608018
500609001
500609007
500612007
500612055
500613005
500613012
500614004
500614011
500614013
500617029
500619002
500619012
500621001
500621003
500623005
500623006
500623007
500623029
500624008
500701001
500701008
500701009
500705005
500705006
500705018
500709003
500709009
500710001
500711001
500711002
500711025
500713002
500713004
500713006
500714002
500714003
500716001
501001008
501001009
501001029
501001180
501101019
501103003
501103004
501105003
501105013
501202032
501202033
501203003
501203013
501203047
501203110
501203115
501203142
501206136
501207054
501209046
501209079
501209080
501209085
501210050
501216020
501216058
501216063
501219009
501220004
501224006
501224009
501226003
501226004
501305041
501306015
501306020
501307001
501309034
501311001
501311025
501311026
501319003
501319005
501321025
501321052
501324002
501325003
501328004
501328006
501328010
501330002
501331004
501335005
501401013
501401030
501404055
501408087
501408091
501416117
501432086
501501011
501501045
501501054